lambda,qEXT,qSCA,qABS,eSQU
300.0,0.0034876258,0.0005130701,0.0029745557,2.468713
310.0,0.0033769290000000003,0.00046202540000000016,0.0029149036,2.5031419
320.0,0.0032577986,0.00041457920000000006,0.0028432194,2.5272963
330.0,0.0032267582,0.0003797044000000004,0.0028470538,2.5641054
340.0,0.0031312508,0.0003399112000000001,0.0027913396,2.5679117
350.0,0.0029961271000000004,0.0003003664000000004,0.0026957607,2.5517661
360.0,0.0029188677,0.0002746615,0.0026442062,2.5825964
370.0,0.002889958,0.0002589437,0.0026310143,2.6574843
380.0,0.0028582964000000003,0.0002446108000000004,0.0026136856,2.735154
390.0,0.0027835931,0.00022530860000000022,0.0025582845,2.7680312
400.0,0.0027044258,0.0002060771000000003,0.0024983487,2.7835375
410.0,0.0026423855,0.0001893890999999999,0.0024529964,2.8016096
420.0,0.002573973,0.00017290219999999959,0.0024010708,2.8037937000000004
430.0,0.002515209,0.00015795130000000003,0.0023572577,2.8021377
440.0,0.0024933923,0.00014646090000000004,0.0023469314,2.8208287
450.0,0.0024811162,0.00013596099999999998,0.0023451552,2.8372677000000004
460.0,0.0024372878,0.00012307570000000007,0.0023142121,2.8053165
470.0,0.00243095,0.00011401149999999997,0.0023169385,2.8102471
480.0,0.0025047615,0.00011068019999999979,0.0023940813000000003,2.8941689
490.0,0.0026851854,0.00011699209999999982,0.0025681933,3.1551419
500.0,0.0030773415,0.00014340270000000018,0.0029339388,3.8446308
510.0,0.003752228,0.00020478999999999983,0.003547438,5.3838173
520.0,0.0046257939,0.0003126921000000003,0.0043131018,8.2254998
525.0,0.0048631767,0.00036026029999999994,0.0045029164,9.6523896
527.0,0.0049032151,0.0003755579000000002,0.0045276572,10.160214
529.0,0.0049154378,0.0003890921999999998,0.0045263456,10.637852
530.0,0.004910401599999999,0.0003950638999999992,0.0045153377,10.861502
531.0,0.004897689,0.00040044020000000024,0.0044972488,11.073028
533.0,0.004848931,0.0004092376999999996,0.0044396933,11.454164
535.0,0.0047694448,0.00041521959999999986,0.0043542252,11.771581
537.0,0.0046608153,0.00041822940000000013,0.0042425859,12.01803
539.0,0.004525825,0.0004182379,0.0041075871,12.189205
540.0,0.0044496003,0.00041714439999999964,0.004032455900000001,12.24615
541.0,0.00436827,0.00041534569999999993,0.0039529243,12.28412
543.0,0.0041926438,0.0004097647999999998,0.003782879,12.304939
545.0,0.0040037503,0.0004017929000000001,0.0036019574,12.256465
547.0,0.0038063756,0.00039178849999999986,0.0034145871,12.145691
549.0,0.0036083389,0.0003806231999999997,0.0032277157,11.994741
550.0,0.0035154743,0.0003755525999999997,0.0031399217,11.930822
551.0,0.0034225413,0.00037025079999999976,0.0030522905,11.858359
553.0,0.00323761,0.0003590678000000001,0.0028785422,11.690716
555.0,0.0030556371000000004,0.00034729430000000026,0.0027083428,11.497155
557.0,0.0028783202000000003,0.0003351297000000002,0.0025431905,11.282808
559.0,0.002706983,0.0003227484,0.0023842346,11.052366
560.0,0.0026238792,0.0003165243,0.0023073549,10.932458
561.0,0.0025426188,0.00031029989999999986,0.0022323189,10.810055
563.0,0.0023859289,0.0002979100000000002,0.0020880189,10.559605
565.0,0.0022373596,0.00028568020000000025,0.0019516794,10.304226
567.0,0.0020971554,0.0002736937,0.0018234617,10.046678
569.0,0.0019653905,0.0002620146000000003,0.0017033759,9.789258
570.0,0.0019026597,0.00025630589999999995,0.0016463538,9.6612285
571.0,0.0018420077,0.00025069139999999985,0.0015913163,9.5339263
573.0,0.0017268421,0.000239761,0.0014870811,9.2822709
575.0,0.0016196478,0.00022924749999999987,0.0013904003,9.0355801
577.0,0.0015201164,0.00021916680000000008,0.0013009496,8.794870699999999
579.0,0.0014278948,0.00020952609999999984,0.0012183687,8.560941999999999
580.0,0.0013844057,0.00020487109999999995,0.0011795346,8.4467098
581.0,0.001342598,0.0002003262999999999,0.0011422717,8.3343805
583.0,0.001263152,0.00019139200000000008,0.00107176,8.1093167
585.0,0.0011891153,0.0001827364000000001,0.0010063789,7.886609700000001
587.0,0.0011208704,0.00017457022000000007,0.00094630018,7.6744702999999985
589.0,0.0010579412,0.00016686700999999997,0.00089107419,7.472547500000001
590.0,0.0010283281,0.00016318056,0.00086514754,7.3752811
591.0,0.00099987453,0.00015959919000000007,0.00084027534,7.2804061
593.0,0.00094624648,0.00015273934999999995,0.0007935071300000001,7.0976024
595.0,0.0008966589900000002,0.0001462617800000003,0.0007503972099999999,6.9236387000000015
597.0,0.000850741,0.00014014032,0.00071060068,6.7579680999999985
599.0,0.0008081555400000001,0.00013435149999999996,0.0006738040400000001,6.600044500000001
600.0,0.0007880164599999999,0.00013157486999999986,0.00065644159,6.523827099999999
601.0,0.0007686000099999999,0.00012887157999999987,0.00063972843,6.4492979
603.0,0.00073180216,0.00012367988000000008,0.00060812228,6.3051535
605.0,0.0006975279700000001,0.00011875626000000018,0.0005787717099999999,6.1670621
607.0,0.00066558027,0.00011408144000000001,0.00055149883,6.0345105000000006
609.0,0.00063578816,0.00010963862999999999,0.00052614953,5.907046
610.0,0.0006216563799999999,0.00010749992000000006,0.0005141564599999999,5.8450934000000005
611.0,0.00060801122,0.00010541279999999999,0.00050259842,5.7842709
613.0,0.00058212651,0.00010138938000000001,0.00048073713,5.6658529
615.0,0.00055802539,9.755431000000003e-05,0.00046047108,5.5515085
617.0,0.00053553161,9.390926999999994e-05,0.00044162234,5.4416544999999985
619.0,0.00051388602,9.053907999999989e-05,0.0004233469400000001,5.3409548
620.0,0.0005036024500000001,8.890742000000005e-05,0.00041469503,5.2917066
621.0,0.00049366545,8.730917999999997e-05,0.00040635627,5.2431791
623.0,0.000474794,8.421057000000003e-05,0.00039058343,5.1482032
625.0,0.0004571996900000001,8.123656999999999e-05,0.0003759631200000001,5.0559211
627.0,0.00044081376,7.838075e-05,0.00036243301,4.9662254
629.0,0.0004255704,7.563513999999999e-05,0.00034993526,4.8790087
630.0,0.00041835734,7.430250000000006e-05,0.00034405483999999995,4.8362974
631.0,0.00041140685,7.299515999999997e-05,0.00033841169,4.7941649
633.0,0.0003982665,7.045537999999997e-05,0.00032781112,4.7115739
635.0,0.0003860963,6.800855999999997e-05,0.00031808774,4.6311176
637.0,0.00037484875,6.565101999999999e-05,0.00030919773,4.5526727
639.0,0.00036448074,6.337688999999999e-05,0.00030110385,4.4761210999999985
640.0,0.00035961457,6.227028000000003e-05,0.00029734429,4.4385187
641.0,0.0003549542,6.118289999999999e-05,0.0002937713,4.4013451
643.0,0.00034623492,5.9064510000000024e-05,0.00028717041,4.3282382
645.0,0.00033829372000000003,5.7016399999999985e-05,0.00028127732000000005,4.256712
647.0,0.00033110354,5.503727999999999e-05,0.00027606626,4.1866722
649.0,0.000324644,5.3122680000000004e-05,0.00027152132,4.1180534
650.0,0.00032168225,5.218837999999994e-05,0.00026949387000000004,4.0842619
651.0,0.0003188964,5.126746000000003e-05,0.00026762894,4.0508145
653.0,0.00031384578,4.947077000000004e-05,0.00026437501,3.9849002
655.0,0.00030947811,4.7728699999999996e-05,0.00026174941,3.9202731
657.0,0.00030578252000000003,4.603889e-05,0.00025974363,3.8568907
659.0,0.00030275064,4.4398030000000006e-05,0.00025835261,3.794698200000001
660.0,0.0003017953,4.359667999999996e-05,0.00025819862,3.7639332
661.0,0.00030131545,4.2809430000000006e-05,0.00025850602,3.7332872
663.0,0.00030082475,4.126670999999996e-05,0.00025955804,3.6726487
665.0,0.00030096884,3.9763419999999953e-05,0.00026120542000000003,3.6127909
667.0,0.00030176944,3.829874e-05,0.0002634707,3.5536223
669.0,0.00030324644,3.686923999999999e-05,0.0002663772,3.4950482000000003
670.0,0.00030425018,3.6168109999999937e-05,0.00026808207000000004,3.4659492
671.0,0.00030543437000000003,3.547348000000004e-05,0.00026996089,3.4369783
673.0,0.00030837793,3.411054000000002e-05,0.00027426739,3.3793547
675.0,0.00031213798,3.277849000000001e-05,0.00027935949,3.3221818
680.0,0.00032559546000000003,2.9569670000000048e-05,0.00029602579,3.1814516
690.0,0.00037257223,2.380142999999996e-05,0.00034877080000000004,2.9239291
700.0,0.00046842068,1.8752109999999966e-05,0.00044966857,2.7103033
710.0,0.00065253712,1.5125919999999958e-05,0.0006374112,2.6282763
720.0,0.0010588654,1.573929999999996e-05,0.0010431261,3.0134775
730.0,0.0018150019,3.089629999999998e-05,0.0017841056,4.8991868
740.0,0.0024327526,6.312529999999992e-05,0.0023696273,8.4398787
750.0,0.0021193054000000003,8.200160000000015e-05,0.0020373038,10.437975
760.0,0.0014269145999999998,7.553149999999973e-05,0.0013513831,9.7799426
770.0,0.00091899415,6.294254999999994e-05,0.0008560516,8.503509900000001
780.0,0.00062427845,5.229917999999994e-05,0.00057197927,7.4610308
790.0,0.00045146922,4.4304320000000024e-05,0.0004071649,6.7031885
800.0,0.0003438207700000001,3.8289470000000127e-05,0.0003055313,6.146708900000001
810.0,0.0002723727,3.3631350000000015e-05,0.00023874135,5.7254899
820.0,0.00022246062,2.991672e-05,0.0001925439,5.3965655
830.0,0.00018452549,2.6865539999999978e-05,0.00015765995000000002,5.1329415
840.0,0.00015665179,2.4326549999999995e-05,0.00013232524,4.9167999
850.0,0.00013565179,2.217562e-05,0.00011347617,4.7364444
860.0,0.00011946737,2.0331212e-05,9.9136158e-05,4.5838542
870.0,0.00010679688,1.8734650000000005e-05,8.806223e-05,4.453353599999999
880.0,9.6679192e-05,1.7330646000000006e-05,7.9348546e-05,4.3401377
890.0,8.86161e-05,1.6092111999999994e-05,7.2523988e-05,4.241428
900.0,8.2934493e-05,1.5002063999999991e-05,6.7932429e-05,4.1560286
910.0,7.8335501e-05,1.4026252e-05,6.4309249e-05,4.0797241
920.0,7.437281200000001e-05,1.3145212000000004e-05,6.12276e-05,4.0108046
930.0,7.0899068e-05,1.2342074999999997e-05,5.8556993e-05,3.9487042
940.0,6.7805424e-05,1.1612521000000009e-05,5.6192903e-05,3.8927302
950.0,6.5003754e-05,1.0946207e-05,5.4057547e-05,3.841827
960.0,6.238836100000001e-05,1.033535400000001e-05,5.2053007e-05,3.7947969
970.0,5.9828307e-05,9.774335999999997e-06,5.0053971e-05,3.7503204
980.0,5.7284566e-05,9.256075999999995e-06,4.802849e-05,3.7075381
990.0,5.4693706e-05,8.773670999999994e-06,4.5920035e-05,3.666523600000001
