lambda,qEXT,qSCA,qABS,eSQU,eSQUdev,eSQUQ1,eSQUQ3,eSQUavg,eSQUmin,eSQUmax
400.0,0.0042789549,0.00042205339999999963,0.0038569015,2.1703236,1.2653,1.05785,3.17727,2.16417,0.52749,5.13171
410.0,0.0041971816,0.0003906242999999997,0.0038065573,2.191459,1.27548,1.06906,3.20706,2.18521,0.53639,5.17882
420.0,0.0041024963,0.00035916300000000045,0.0037433333,2.2021083,1.2777,1.07718,3.22092,2.19584,0.54476,5.1958
430.0,0.0040105751,0.00032939890000000015,0.0036811762,2.2059248,1.26962,1.08756,3.22109,2.19971,0.55897,5.18192
440.0,0.0039491338,0.00030396099999999973,0.0036451728,2.2117546,1.24889,1.11115,3.21382,2.20565,0.59071,5.14273
450.0,0.003890885,0.00027982910000000014,0.0036110559,2.2111936,1.21561,1.13942,3.18663,2.20524,0.63208,5.06822
460.0,0.003788482,0.0002520628000000002,0.0035364192,2.1828438,1.16318,1.15813,3.11736,2.17724,0.66883,4.91825
470.0,0.0037271418,0.00023065059999999998,0.0034964912,2.1694963,1.10904,1.19275,3.06261,2.16409,0.71956,4.78221
480.0,0.0037375341,0.000217241999999999,0.003520292100000001,2.1838543,1.04201,1.2647,3.02296,2.17792,0.81298,4.65039
490.0,0.0038737114,0.0002195630999999999,0.0036541483,2.2848803,1.014,1.38495,3.09889,2.27632,0.93821,4.70643
500.0,0.0042480055,0.0002512104999999997,0.003996795,2.5831634,1.08815,1.60282,3.44908,2.56586,1.13368,5.21855
510.0,0.004945594,0.0003285833,0.0046170107,3.2448014,1.39804,1.96211,4.33218,3.20525,1.40355,6.69443
520.0,0.005926769399999999,0.0004588318999999997,0.0054679375,4.409601,2.11353,2.44382,6.02227,4.32682,1.66684,9.77747
525.0,0.0062985163,0.0005149881000000005,0.0057835282,4.9937771,2.57814,2.59599,6.95976,4.89248,1.6666,11.49559
527.0,0.006402014,0.0005323530000000002,0.005869661,5.1996875,2.76274,2.6307,7.30524,5.0928,1.6422,12.13352
529.0,0.006480575400000001,0.0005469879000000004,0.0059335875,5.3898164,2.94451,2.65385,7.63007,5.27828,1.60729,12.74046
530.0,0.0065093116000000005,0.0005530874,0.0059562242000000005,5.4771235,3.03296,2.66004,7.78539,5.3637,1.58582,13.02765
531.0,0.0065304,0.0005582737999999992,0.0059721262,5.5582495,3.11892,2.66275,7.93378,5.44328,1.5618,13.30062
533.0,0.0065483662,0.0005656522999999995,0.0059827139000000005,5.6992096,3.2809,2.65676,8.20142,5.58227,1.50673,13.7971
535.0,0.0065326178,0.0005687048,0.005963913,5.8076118,3.42567,2.63448,8.42713,5.69042,1.44297,14.21611
537.0,0.006482675500000001,0.0005671676000000006,0.0059155079,5.8793518,3.54853,2.59797,8.59851,5.7638,1.37184,14.63955
539.0,0.0063997273,0.0005609955999999992,0.0058387317000000005,5.9120078,3.6458,2.5462,8.71307,5.80004,1.29535,14.97128
540.0,0.0063466816,0.0005562134999999996,0.0057904681000000005,5.9133539,3.68389,2.51578,8.74984,5.80394,1.25571,15.09861
541.0,0.0062865515,0.0005503520000000005,0.0057361995,5.9047637,3.71465,2.48106,8.7697,5.79839,1.2155,15.20033
543.0,0.006147408,0.0005356177999999998,0.0056117902,5.858773,3.75366,2.40516,8.76501,5.75994,1.13427,15.32442
545.0,0.0059876724,0.0005173508999999996,0.0054703215,5.7768869,3.76272,2.32598,8.69834,5.6874,1.05398,15.34612
547.0,0.0058134908,0.000496243700000001,0.005317247099999999,5.6635524,3.74317,2.24023,8.58328,5.58506,0.976,15.2721
549.0,0.0056339313,0.00047354549999999943,0.0051603858,5.5288762,3.7006,2.15658,8.42113,5.46243,0.90297,15.12494
550.0,0.0055478504,0.00046259299999999986,0.0050852574,5.4628918,3.6772,2.11986,8.34773,5.40215,0.8649,15.04761
551.0,0.0054610358,0.00045134389999999976,0.0050096919,5.3924368,3.64884,2.08048,8.25613,5.33765,0.82647,14.95951
553.0,0.0052872111,0.0004282099999999992,0.0048590011,5.2401537,3.57844,2.00702,8.05882,5.19803,0.75401,14.75758
555.0,0.005116191500000001,0.00040462860000000083,0.0047115629,5.0761248,3.49176,1.93733,7.83193,5.04755,0.68816,14.48929
557.0,0.0049513336,0.0003810443999999998,0.0045702892,4.9044595,3.39142,1.87324,7.59674,4.89031,0.62993,14.21855
559.0,0.0047955404,0.0003578619,0.0044376785,4.7290934,3.28012,1.81765,7.34694,4.73019,0.57359,14.05393
560.0,0.0047218237,0.00034653319999999963,0.0043752905,4.6412003,3.22121,1.79408,7.21429,4.65025,0.54328,13.96676
561.0,0.0046512577000000005,0.00033543550000000085,0.0043158222,4.5537338,3.16051,1.77258,7.07989,4.57095,0.5155,13.87936
563.0,0.0045204823,0.0003140639999999993,0.0042064183000000005,4.3818352,3.03517,1.7356,6.81187,4.41606,0.46302,13.70009
565.0,0.0044048469,0.00029400900000000046,0.0041108379,4.216533,2.90653,1.71228,6.55178,4.26873,0.42356,13.52476
567.0,0.004305670300000001,0.0002754880000000008,0.0040301823,4.0607483,2.77693,1.70235,6.2987,4.13197,0.39898,13.35946
569.0,0.0042239976,0.00025868739999999977,0.003965310200000001,3.9171895,2.64857,1.705,6.06126,4.00858,0.38346,13.212
570.0,0.0041900086,0.0002509849,0.0039390237,3.8507818,2.58547,1.71205,5.94951,3.95273,0.37505,13.14784
571.0,0.004160716599999999,0.00024377149999999913,0.0039169451,3.7884364,2.52358,1.71815,5.8432,3.90127,0.37095,13.09148
573.0,0.0041166035,0.00023088809999999987,0.0038857154,3.6770485,2.40412,1.74514,5.64586,3.81272,0.31544,13.04235
575.0,0.0040923906,0.0002201820999999998,0.0038722085,3.5855966,2.29235,1.79075,5.46933,3.74566,0.26513,13.10792
577.0,0.0040888269,0.00021179970000000017,0.0038770272,3.5168141,2.19048,1.85024,5.33503,3.70297,0.22529,13.22979
579.0,0.0041067313,0.00020590110000000012,0.0039008302,3.4736176,2.10073,1.92575,5.23003,3.68774,0.1966,13.41678
580.0,0.0041240222,0.00020393679999999945,0.0039200854,3.4626383,2.06117,1.9706,5.19283,3.69152,0.18663,13.54009
581.0,0.0041470375,0.00020266160000000002,0.0039443759,3.4593401,2.02558,2.01932,5.17108,3.70351,0.18003,13.88995
583.0,0.0042152336,0.00020263399999999928,0.004012599600000001,3.4813357,1.96858,2.13619,5.16063,3.75826,0.17753,14.99926
585.0,0.0043143187,0.00020626490000000015,0.0041080538,3.5466035,1.9338,2.28279,5.21449,3.85938,0.19277,16.36242
587.0,0.0044406634,0.0002134703,0.0042271931,3.656633,1.92307,2.45295,5.34221,4.00806,0.22727,17.9833
589.0,0.0045960061,0.0002246037000000001,0.0043714024,3.8176895,1.93941,2.65453,5.54105,4.21078,0.28565,19.88657
590.0,0.0046851688,0.00023177120000000048,0.0044533976,3.9196289,1.95879,2.76695,5.67409,4.33476,0.32317,20.95406
591.0,0.0047823578,0.00024008350000000005,0.0045422743,4.0372134,1.98625,2.89016,5.82994,4.47522,0.36463,22.42978
593.0,0.005002002,0.0002604056999999998,0.0047415963,4.3239655,2.0675,3.16985,6.21329,4.81032,0.43387,26.41378
595.0,0.005257473,0.0002861490000000003,0.004971324,4.6882358,2.18797,3.49124,6.71332,5.22652,0.39483,30.82784
597.0,0.0055515074,0.0003179843,0.0052335231,5.1420171,2.35371,3.87708,7.32973,5.73586,0.36948,35.66522
599.0,0.005886953100000001,0.0003566740000000004,0.0055302791,5.699123,2.57238,4.32335,8.10513,6.35214,0.36834,40.9049
600.0,0.006071093499999999,0.00037885399999999965,0.0056922395,6.021256,2.70446,4.57383,8.55392,6.70516,0.38126,43.6642
601.0,0.0062666322,0.0004030760000000005,0.0058635562,6.3752616,2.85353,4.84314,9.05141,7.09089,0.40582,46.50812
603.0,0.0066931114,0.0004581284999999992,0.006234982900000001,7.1879947,3.20884,5.43408,10.19768,7.96936,0.45291,52.41772
605.0,0.0071683616,0.0005228196999999997,0.0066455419,8.1564434,3.65202,6.10642,11.56972,9.00615,0.50385,58.5586
607.0,0.0076932478,0.0005981529999999997,0.0070950948,9.3006129,4.19855,6.86787,13.19105,10.22053,0.44259,64.84295
609.0,0.0082668218,0.0006850445000000007,0.0075817773,10.640177,4.86495,7.72048,15.11038,11.63114,0.43743,71.20941
610.0,0.008570838,0.0007330536999999998,0.007837784300000001,11.388809,5.24827,8.18014,16.19026,12.41522,0.46793,74.39467
611.0,0.008885340600000001,0.0007841895000000008,0.0081011511,12.192418,5.66766,8.66413,17.34993,13.25396,0.5124,77.58716
613.0,0.0095410464,0.0008958768000000006,0.008645169599999999,13.969043,6.62116,9.69379,19.96362,15.09898,0.70544,83.97006
615.0,0.010220728,0.0010196960000000005,0.009201032,15.971799,7.73541,10.80832,22.90347,17.16589,0.74723,90.2983
617.0,0.010903415,0.0011539771999999997,0.0097494378,18.18373,9.00842,11.97921,26.23332,19.43588,0.50606,96.61181
619.0,0.011563009,0.0012953200000000008,0.010267689,20.563481,10.40593,13.19773,29.79091,21.8714,0.36548,105.19591
620.0,0.011880078,0.001368612,0.010511466,21.816099,11.15972,13.82523,31.64611,23.14833,0.33654,110.23428
621.0,0.012182869,0.0014429050000000013,0.010739964,23.099871,11.94551,14.44652,33.60716,24.45354,0.33977,115.32532
623.0,0.012726027,0.001591615000000001,0.011134412,25.717218,13.59152,15.67452,37.62286,27.10354,0.44682,125.44887
625.0,0.013151406,0.0017346869999999986,0.011416719,28.309574,15.28754,16.80162,41.57211,29.71243,0.68723,135.11013
627.0,0.013418957,0.0018642069999999997,0.01155475,30.746891,16.95837,17.78493,45.37747,32.14778,1.0426,143.85622
629.0,0.013496486,0.0019720610000000006,0.011524425,32.889453,18.51669,18.52712,48.79366,34.26865,1.48165,151.31136
630.0,0.01345786,0.002015599,0.011442261,33.809151,19.22603,18.81027,50.26547,35.17008,1.71727,154.26886
631.0,0.01336672,0.002051270000000001,0.01131545,34.609439,19.8754,19.00844,51.56914,35.94737,1.95616,156.61029
633.0,0.013031947,0.0020972950000000008,0.010934652,35.813585,20.96223,19.19373,53.63254,37.0925,2.17051,159.29978
635.0,0.012514335,0.002108858,0.010405477,36.459591,21.73207,19.10543,54.8468,37.66489,1.56424,159.25767
637.0,0.011851553,0.0020879955,0.0097635575,36.560325,22.17289,18.7166,55.27699,37.68144,1.07065,156.65397
639.0,0.011089336000000002,0.002039352500000001,0.0090499835,36.175285,22.30356,18.14073,54.91771,37.20601,0.71457,151.87905
640.0,0.010685481,0.002006509,0.008678972,35.827859,22.26497,17.75651,54.48214,36.81235,0.59049,148.84004
641.0,0.010273666,0.001969075400000001,0.0083045906,35.393754,22.16561,17.34996,53.91264,36.33195,0.50201,145.45712
643.0,0.0094448109,0.0018836496999999992,0.0075611612,34.316285,21.81246,16.44121,52.42783,35.16328,0.4247,137.91816
645.0,0.0086341488,0.001789047099999999,0.006845101700000001,33.039664,21.29981,15.46371,50.67797,33.79943,0.4585,129.74712
647.0,0.0078635205,0.0016902498999999994,0.006173270600000001,31.647604,20.67865,14.50031,48.66716,32.32596,0.51933,121.2958
649.0,0.007146244,0.0015910593000000002,0.0055551847,30.206878,19.99179,13.54937,46.61879,30.81063,0.54193,112.88226
650.0,0.006809871800000001,0.0015422068000000002,0.005267665,29.484399,19.63453,13.08372,45.58007,30.05358,0.4513,108.74832
651.0,0.0064888788,0.0014941932000000005,0.0049946856,28.767195,19.27266,12.64112,44.54054,29.30361,0.38318,104.70633
653.0,0.0058931189,0.0014014325,0.0044916864,27.363396,18.54603,11.78153,42.52675,27.83961,0.30494,96.9383
655.0,0.0053574116000000005,0.0013138414000000006,0.0040435702,26.018178,17.82943,10.96701,40.55992,26.44095,0.25444,89.68371
657.0,0.0048782441,0.0012319578,0.0036462863,24.744997,17.13465,10.21987,38.67298,25.12057,0.17445,82.99757
659.0,0.0044510456,0.0011559344,0.0032951112,23.550503,16.46919,9.54594,36.92752,23.88459,0.11961,76.8809
660.0,0.0042575089,0.0011195405000000002,0.0031379684,22.97148,16.14128,9.2263,36.07779,23.28661,0.10523,73.99424
661.0,0.004077009699999999,0.0010841145999999995,0.0029928951,22.402674,15.81589,8.90136,35.23601,22.69993,0.09978,71.21074
663.0,0.0037460124,0.0010177520000000002,0.0027282604,21.331464,15.19666,8.32769,33.67105,21.59665,0.11251,66.80405
665.0,0.0034510565000000003,0.0009569744000000003,0.0024940821,20.343839,14.61851,7.8092,32.19513,20.58145,0.12566,64.52707
667.0,0.0031878056,0.0009012956000000001,0.00228651,19.433533,14.07957,7.32152,30.83975,19.64751,0.17135,62.21537
669.0,0.0029524086,0.0008502620000000001,0.0021021466,18.594172,13.57749,6.88219,29.58324,18.78795,0.22045,59.83355
670.0,0.0028440759000000005,0.0008263419000000003,0.002017734,18.199197,13.33945,6.6841,28.99162,18.38399,0.16107,58.77115
671.0,0.002741472,0.0008034267999999999,0.0019380452,17.819688,13.10964,6.49086,28.4223,17.99613,0.11441,57.72893
673.0,0.0025520363000000003,0.0007603885000000002,0.0017916478,17.104356,12.67335,6.12145,27.32983,17.26579,0.04963,55.66046
675.0,0.002381529,0.0007207836999999998,0.0016607453,16.442892,12.26597,5.77784,26.34583,16.59115,0.01743,53.61992
680.0,0.0020240643,0.0006346761000000001,0.0013893882,14.99433,11.35882,5.06118,24.12637,15.11524,0.00036,48.81407
690.0,0.0015254412,0.0005052596000000001,0.0010201816,12.79414,9.93774,4.06536,20.78222,12.87551,0.19005,42.90597
700.0,0.0011994249,0.00041291954999999995,0.0007865053500000001,11.194462,8.88492,3.35006,18.33557,11.25335,0.15516,39.86851
710.0,0.00097441419,0.0003448424800000001,0.00062957171,9.9947108,8.09017,2.83731,16.4887,10.04186,0.13831,35.99937
720.0,0.0008055822200000001,0.0002922085,0.0005133737200000001,9.0455595,7.44563,2.4492,15.00596,9.08423,0.05138,32.95946
730.0,0.0006804473700000001,0.00025138088000000006,0.00042906649,8.2985145,6.92028,2.15177,13.84524,8.32919,0.0519,29.39031
740.0,0.00058737208,0.00021941667999999994,0.0003679554,7.7132298,6.49445,1.93923,12.90809,7.7341,0.04366,27.65824
750.0,0.0005146321700000001,0.00019341887000000004,0.00032121330000000004,7.2346745,6.13769,1.75312,12.14057,7.24318,0.03903,26.5141
760.0,0.00045709946,0.00017193447999999998,0.00028516498,6.8365875,5.83776,1.61215,11.48834,6.83425,0.00052,26.8643
770.0,0.00040953304,0.0001538257199999999,0.0002557073200000001,6.4957738,5.57718,1.50094,10.92637,6.48459,0.02624,24.46937
780.0,0.00036917695,0.00013844607,0.00023073088,6.2023018,5.35213,1.3925,10.45582,6.18477,0.00376,22.064
790.0,0.00033460865,0.00012524651000000002,0.00020936214,5.9473861,5.15497,1.31035,10.04574,5.92564,0.00053,22.02641
800.0,0.00030488084,0.00011381400999999999,0.00019106683,5.7248737,4.97949,1.22937,9.68906,5.69992,0.00019,21.16249
810.0,0.00027927757000000003,0.00010384909000000001,0.00017542848000000002,5.5295314,4.82342,1.16925,9.35668,5.50181,0.00087,20.44522
820.0,0.00025717034,9.511182e-05,0.00016205851999999998,5.356683,4.68404,1.12378,9.06119,5.32716,0.001,19.70667
830.0,0.00023615265,8.736102e-05,0.00014879163,5.2017939,4.55786,1.08322,8.81076,5.17168,0.00435,19.31497
840.0,0.0002180039,8.050761999999997e-05,0.00013749628000000002,5.0637965,4.44541,1.0493,8.58482,5.03443,0.00141,18.82289
850.0,0.00020241941000000006,7.441291000000007e-05,0.0001280065,4.9402467,4.34609,1.01958,8.39792,4.91298,0.00016,17.76556
860.0,0.00018895179,6.897051e-05,0.00011998128,4.8292915,4.25696,0.9879,8.20433,4.80427,0.00062,17.21642
870.0,0.00017726886000000002,6.409477000000001e-05,0.00011317409,4.7296803,4.17396,0.95828,8.0376,4.70502,0.00026,16.68492
880.0,0.00016696645,5.9707339999999986e-05,0.00010725911,4.6392267,4.09736,0.93579,7.87302,4.6132,0.00025,16.32508
890.0,0.00015778778,5.574419e-05,0.00010204359,4.5561397,4.02787,0.91443,7.72141,4.52909,0.00063,16.08775
900.0,0.00015071045,5.2176993999999996e-05,9.8533456e-05,4.4805905,3.96538,0.89857,7.59575,4.45288,0.00042,16.11886
