lambda,qEXT,qSCA,qABS,eSQU,eSQUdev,eSQUQ1,eSQUQ3,eSQUavg,eSQUmin,eSQUmax
400.0,0.00026805682,-0.0002174838500000001,0.0004855406700000001,3.8483737,2.34105,1.82092,5.81163,3.92161,1.22571,9.22134
410.0,0.00026084535,-0.00022186150999999987,0.0004827068599999999,3.9219241,2.38521,1.85529,5.92269,3.99673,1.25049,9.3871
420.0,0.0002532367,-0.00022279541999999997,0.00047603212,3.9563921,2.39981,1.87549,5.97432,4.03193,1.2682,9.44559
430.0,0.00024925096,-0.00022288737,0.00047213833,3.9980066,2.40532,1.9136,6.02336,4.07474,1.30469,9.49276
440.0,0.0002560531,-0.00022713137000000003,0.00048318447,4.1317582,2.43529,2.02345,6.1904,4.21268,1.41226,9.69535
450.0,0.0002658914,-0.00023069527000000006,0.0004965866700000001,4.2918021,2.46452,2.16136,6.38137,4.37752,1.54537,9.92551
460.0,0.00026953732000000005,-0.00022455394999999995,0.00049409127,4.3296075,2.41545,2.2435,6.38954,4.41678,1.63947,9.85111
470.0,0.00028115429,-0.00022548440000000005,0.0005066386900000001,4.5099145,2.43065,2.41287,6.58344,4.60203,1.81055,10.07315
480.0,0.00031627306000000003,-0.00024063419999999995,0.00055690726,4.9616495,2.49329,2.82335,7.09308,5.06736,2.20888,10.71804
490.0,0.00037403537,-0.00028565096000000004,0.00065968633,5.98601,2.81375,3.58146,8.40526,6.11824,2.91648,12.57196
500.0,0.00048168993,-0.00040075318,0.00088244311,8.5197919,3.86058,5.24433,11.8439,8.70596,4.07901,17.68412
510.0,0.0006631004400000001,-0.00064851306,0.0013116135,14.545646,6.80009,8.82124,20.27626,14.82273,6.27149,31.14966
520.0,0.00091446926,-0.00109552844,0.0020099977,27.719122,14.07871,15.77692,39.24437,28.10984,9.97734,63.39572
525.0,0.00099511035,-0.0013515716500000002,0.002346682,36.190623,19.48505,19.51155,52.09921,36.64038,11.61131,85.62439
527.0,0.0010138505,-0.0014538537000000004,0.0024677042000000003,39.775283,21.91336,20.94123,57.67492,40.25044,12.18116,95.27386
529.0,0.0010256515,-0.0015567480000000002,0.0025823995,43.534989,24.52676,22.40233,63.53041,44.03648,12.72289,105.49863
530.0,0.0010286178,-0.0016078802000000002,0.002636498,45.466338,25.89685,23.11638,66.69721,45.98198,12.97954,110.78852
531.0,0.0010294549,-0.0016585102,0.0026879651,47.423846,27.30484,23.80664,69.74232,47.95336,13.2247,116.17936
533.0,0.0010243564,-0.0017572859,0.0027816423,51.386612,30.21744,25.16464,76.12812,51.94435,13.67182,127.17083
535.0,0.0010097816,-0.0018512245000000002,0.0028610061,55.36188,33.22725,26.39559,82.57311,55.94755,14.0543,138.29486
537.0,0.00098544021,-0.0019385669899999998,0.0029240072,59.281474,36.292,27.55971,89.04615,59.89435,14.35916,149.97849
539.0,0.00095150305,-0.0020179015500000003,0.0029694046000000003,63.083934,39.36602,28.57448,95.62856,63.72186,14.58053,161.77273
540.0,0.00093107507,-0.0020542161299999997,0.0029852912,64.922068,40.89187,29.08894,98.59537,65.57145,14.64744,167.57506
541.0,0.00090847136,-0.00208817834,0.0029966497,66.709832,42.40449,29.52581,101.77205,67.3701,14.62452,173.28932
543.0,0.00085722541,-0.0021488799899999998,0.0030061054,70.113391,45.36725,30.1985,107.84325,70.79266,14.49626,184.36862
545.0,0.0007989008900000001,-0.00220002361,0.0029989245,73.262878,48.22147,30.78096,113.31464,73.95723,14.26718,194.88126
547.0,0.00073479179,-0.00224214081,0.0029769326,76.142522,50.94529,31.19897,118.51,76.84839,13.94948,204.75274
549.0,0.0006678449499999999,-0.00227697105,0.002944816,78.837492,53.56802,31.61685,123.20672,79.55156,13.58276,214.14936
550.0,0.00063636504,-0.00229334716,0.0029297122,80.280071,54.92508,31.83518,125.59563,80.99723,13.42637,219.07174
551.0,0.00060429591,-0.0023082302900000002,0.0029125262,81.692763,56.26942,32.02457,128.0942,82.41218,13.25932,223.92682
553.0,0.00053880574,-0.0023339569600000004,0.0028727627000000003,84.436151,58.92199,32.38566,133.04269,85.1583,12.89773,233.44928
555.0,0.00047213372,-0.00235512448,0.0028272582,87.089082,61.53688,32.72389,137.90659,87.81184,12.50781,242.77977
557.0,0.00040492121,-0.0023727572900000002,0.0027776785,89.67674,64.12709,32.96101,142.69289,90.39822,12.09918,251.97389
559.0,0.00033768800000000005,-0.0023879427,0.0027256307,92.229724,66.71334,33.15622,147.42156,92.94914,11.68027,261.1333
560.0,0.00030419123,-0.0023949505699999997,0.0026991418,93.503401,68.01124,33.21371,149.69248,94.22172,11.47004,265.72281
561.0,0.00027081633,-0.00240177007,0.0026725864,94.781499,69.31654,33.33872,151.8431,95.49863,11.25972,270.33591
563.0,0.00020455694,-0.00241528146,0.0026198384,97.367462,71.96288,33.51939,156.72797,98.08308,10.84512,279.69905
565.0,0.00013903355,-0.00242952015,0.0025685537,100.02532,74.67854,33.65782,161.88292,100.74089,10.44285,289.3151
567.0,7.4258306e-05,-0.002445459194,0.0025197175,102.79315,77.49304,33.88433,167.44721,103.51087,10.06094,299.2954
569.0,1.0139008e-05,-0.002464028992,0.002474168,105.71067,80.43739,34.23761,172.82102,106.43371,9.703,309.75904
570.0,-2.1729601e-05,-0.002474588401,0.0024528588,107.2383,81.96872,34.36483,175.7046,107.96538,9.53629,315.21149
571.0,-5.3507249e-05,-0.0024861207489999997,0.0024326135,108.8181,83.54423,34.48789,178.65095,109.55049,9.37675,320.82251
573.0,-0.00011694136,-0.00251258306,0.0023956417,112.15664,86.84767,34.81904,184.71818,112.90349,9.08872,332.6103
575.0,-0.0001804934,-0.0025442405,0.0023637471,115.76863,90.383,35.40704,191.03775,116.5361,8.84669,345.24254
577.0,-0.00024455639,-0.00258190439,0.002337348,119.69812,94.18782,36.0489,198.06306,120.49359,8.65996,358.84203
579.0,-0.00030958868,-0.00262641088,0.0023168222,123.9916,98.3032,36.68986,205.25416,124.82381,8.54026,373.56159
580.0,-0.00034262544,-0.00265148664,0.0023088612,126.2898,100.49055,37.12578,209.2257,127.14411,8.5074,381.37977
581.0,-0.00037610044,-0.00267858304,0.0023024826,128.69713,102.7714,37.43339,213.43806,129.57637,8.49804,389.53737
583.0,-0.00044633835,-0.00274142855,0.0022950902,133.86124,107.65273,38.19228,222.69788,134.80181,8.5549,406.94249
585.0,-0.00052139907,-0.0028167309700000004,0.0022953319,139.59019,113.04114,39.15186,232.4579,140.60978,8.73946,426.11153
587.0,-0.0005999997299999999,-0.00290298633,0.0023029866,145.97604,118.99525,40.22614,243.81817,147.09156,9.06996,447.29079
589.0,-0.00068293168,-0.00300119068,0.002318259,153.09105,125.58205,41.56928,255.86965,154.3221,9.57053,470.71226
590.0,-0.00072628519,-0.00305509979,0.0023288146,156.94639,129.13511,42.21843,262.49913,158.24333,9.69395,483.3423
591.0,-0.00077104412,-0.0031123943199999997,0.0023413502,161.01387,132.87392,43.00545,269.47467,162.38268,9.60122,496.62433
593.0,-0.0008652443699999999,-0.0032377065700000002,0.0023724622,169.82962,140.94964,44.7699,285.24728,171.36142,9.41273,525.27591
595.0,-0.00096649567,-0.00337826427,0.0024117686,179.62874,149.89307,46.78058,302.19052,181.35173,9.21795,556.94702
597.0,-0.0010758012,-0.0035351928,0.0024593916,190.50556,159.79159,48.90222,321.0943,192.45091,9.00962,591.90227
599.0,-0.0011941821,-0.0037095417999999996,0.0025153597,202.55502,170.73412,51.50514,342.43242,204.75707,8.59747,632.29605
600.0,-0.0012570909,-0.0038035354000000004,0.0025464445000000003,209.04831,176.62416,52.90355,353.46175,211.39253,8.42183,654.38057
601.0,-0.0013226367,-0.0039021944,0.0025795577,215.86804,182.80695,54.50291,365.47738,218.36409,8.27396,677.53748
603.0,-0.00146208,-0.0041137262999999995,0.0026516463,230.52297,196.08552,57.69334,391.16591,233.35296,8.06866,727.19345
605.0,-0.0016132391,-0.0043442079,0.0027309688,246.57402,210.62591,61.10094,418.96361,249.77993,8.01735,781.42859
607.0,-0.0017765104000000004,-0.0045929259,0.0028164155,264.03371,226.4484,64.45489,449.01383,267.65846,7.81001,840.23661
609.0,-0.0019517569,-0.0048580245,0.0029062676,282.84882,243.5158,68.06359,481.78308,286.93475,7.61662,903.36771
610.0,-0.0020436197,-0.004995705,0.0029520853,292.72223,252.48225,69.97553,499.14149,297.05398,7.53264,936.39574
611.0,-0.0021380423000000003,-0.005136018900000001,0.0029979766,302.8678,261.70507,71.88244,517.25102,307.45473,7.46389,970.22867
613.0,-0.0023332708,-0.0054212578,0.003087987,323.80057,280.77106,75.86718,553.75508,328.92245,7.34926,1039.7401
615.0,-0.0025337923,-0.0057052945,0.0031715022,345.17244,300.30497,80.48392,591.02264,350.85262,7.26183,1110.2728
617.0,-0.0027338396000000003,-0.0059768270000000005,0.0032429874,366.4391,319.82635,84.5661,628.68969,372.6866,7.20007,1179.9839
619.0,-0.0029267249,-0.006228967700000001,0.0033022428,388.34826,339.93097,89.00907,667.5547,395.17336,7.16448,1251.3494
620.0,-0.0030191195,-0.0063429865,0.0033238670000000003,398.80927,349.58165,91.24335,686.24548,405.91686,6.91458,1285.2464
621.0,-0.0031072014,-0.0064460718,0.0033388704,408.74325,358.78928,93.27661,703.84408,416.12432,6.56795,1317.2974
623.0,-0.003264971,-0.006610107400000001,0.0033451364,426.36477,375.28277,96.52953,734.26307,434.25041,5.9032,1373.7175
625.0,-0.0033886470000000003,-0.006702457,0.00331381,439.82244,388.1658,98.62677,758.0395,448.12769,5.30671,1416.1289
627.0,-0.0034672146999999995,-0.006706743899999999,0.0032395292,447.77536,396.22367,99.78972,772.78455,456.38195,4.04302,1440.1914
629.0,-0.0034919511,-0.0066121393,0.0031201882,449.16631,398.48029,99.19832,774.95922,457.92839,2.71682,1442.4936
630.0,-0.0034825261,-0.0065266469,0.0030441208000000003,447.20867,397.24804,98.4147,772.01911,455.98834,2.16488,1434.9275
631.0,-0.0034583807000000003,-0.0064163377,0.002957957,443.46136,394.41518,96.99805,766.13177,452.21749,1.68928,1421.4904
633.0,-0.0033675261,-0.0061269534,0.0027594273,430.80211,384.1065,93.52047,745.81862,439.39111,0.95403,1380.4973
635.0,-0.0032259334000000004,-0.005760614000000001,0.0025346806,412.00651,368.23891,88.41394,713.31872,420.2833,0.47169,1326.5872
637.0,-0.0030443887,-0.0053399481,0.0022955594,388.40966,347.96884,82.47301,672.61189,396.2575,0.1886,1256.217
639.0,-0.0028358084,-0.0048895211000000004,0.0020537127,361.60409,324.69875,76.12999,626.24558,368.94124,0.05194,1173.9013
640.0,-0.002725455,-0.0046604012,0.0019349462,347.49838,312.38281,72.66414,602.16098,354.56055,0.02468,1129.8116
641.0,-0.0026130634,-0.004432064899999999,0.0018190015,333.16994,299.83288,69.23669,577.65264,339.94946,0.0194,1084.5717
643.0,-0.0023873281,-0.0039859974999999995,0.0015986694,304.47548,274.59946,62.93898,528.75756,310.68098,0.03192,992.73391
645.0,-0.0021672458,-0.0035644557,0.0013972098999999998,276.57322,249.95229,56.73405,480.09233,282.21214,0.05796,902.16828
647.0,-0.0019587664,-0.0031754882,0.0012167218,250.18397,226.55435,51.0145,434.38512,255.28087,0.13384,815.45618
649.0,-0.0017654663,-0.0028229505,0.0010574842,225.73461,204.80407,45.75998,392.38172,230.32446,0.26219,734.55783
650.0,-0.0016750979,-0.00266067586,0.00098557796,214.30602,194.61378,43.24062,372.68031,218.65754,0.34337,696.60192
651.0,-0.0015890475,-0.0025076163300000003,0.00091856883,203.4223,184.89506,40.92005,353.72253,207.54611,0.43421,661.55092
653.0,-0.0014298734,-0.00222820755,0.00079833415,183.2815,166.8721,36.69628,318.97024,186.98215,0.64113,596.33705
655.0,-0.0012874228,-0.00198223447,0.00069481167,165.23957,150.68288,32.84572,287.64726,168.55951,0.5489,538.28969
657.0,-0.0011606462,-0.00176660147,0.00060595527,149.16097,136.21683,29.48928,259.80972,152.1405,0.44276,486.93649
659.0,-0.0010482116,-0.00157801321,0.0005298016099999999,134.87782,123.33454,26.49732,235.02734,137.55451,0.37568,440.76056
660.0,-0.00099745699,-0.00149377509,0.0004963181,128.26973,117.36338,25.15461,223.5934,130.80601,0.34406,419.10964
661.0,-0.00095022674,-0.00141590513,0.0004656783900000001,121.97654,111.67024,23.83042,212.88587,124.37884,0.31555,398.53412
663.0,-0.00086397936,-0.00127489367,0.00041091431,110.50371,101.27774,21.48645,193.35021,112.66256,0.27922,361.64514
665.0,-0.0007875653200000001,-0.0011513093700000001,0.00036374405,100.35991,92.0752,19.41947,175.59282,102.30482,0.25916,329.83429
667.0,-0.0007197711200000001,-0.00104279229,0.00032302117,91.376461,83.91529,17.57773,159.97681,93.13327,0.22302,302.0013
669.0,-0.00065951771,-0.00094729594,0.00028777823,83.404762,76.66699,15.99111,145.89511,84.99601,0.1894,276.95187
670.0,-0.00063191761,-0.0009038671500000001,0.00027194954,79.757158,73.3484,15.2487,139.39881,81.27314,0.17288,265.33889
671.0,-0.0006058604099999999,-0.0008630531299999999,0.00025719272,76.315384,70.21564,14.529,133.34098,77.76054,0.14863,254.28019
673.0,-0.00055797697,-0.00078854964,0.00023057267000000005,69.995993,64.46036,13.26144,122.26763,71.31171,0.07053,233.69089
675.0,-0.0005151547900000001,-0.0007224967,0.00020734191,64.349592,59.31364,12.16052,112.19876,65.55014,0.02073,214.94712
680.0,-0.00042637452000000007,-0.0005874312000000001,0.00016105668,52.655109,48.63708,9.8683,91.96754,53.6179,0.00945,176.23362
690.0,-0.00030626635,-0.00040938830999999996,0.00010312196,36.77717,34.08009,6.88379,63.99057,37.42469,0.01832,124.98719
700.0,-0.00022986066,-0.000299746281,6.9885621e-05,26.68625,24.77617,4.9378,46.48398,27.13697,0.00974,91.07635
710.0,-0.00017815365000000002,-0.000227502853,4.9349203e-05,20.001778,18.59444,3.59924,34.82099,20.31792,0.0219,71.76587
720.0,-0.00013921456,-0.00017443666900000002,3.5222109e-05,15.213626,14.14699,2.71519,26.49896,15.42775,0.00125,56.50802
730.0,-0.0001115089,-0.00013753617,2.602727e-05,11.883543,11.03477,2.08083,20.89288,12.02645,0.00289,42.36383
740.0,-9.2437674e-05,-0.000112565592,2.0127918e-05,9.5853766,8.88637,1.66869,16.78217,9.68763,0.0002,32.53664
750.0,-7.8165111e-05,-9.4199071e-05,1.603396e-05,7.8768263,7.29279,1.4028,13.74086,7.95685,0.00023,26.85056
760.0,-6.734387899999999e-05,-8.047760199999999e-05,1.3133723e-05,6.5804074,6.08878,1.16718,11.41149,6.64752,0.00298,22.31894
770.0,-5.835713000000001e-05,-6.917608900000001e-05,1.0818959e-05,5.5470242,5.13442,0.99383,9.58472,5.60552,0.0017,19.16858
780.0,-5.0834517e-05,-5.977895380000001e-05,8.944436800000003e-06,4.7199733,4.36846,0.85586,8.20319,4.77014,0.00063,16.47306
790.0,-4.459092400000001e-05,-5.2052719500000014e-05,7.4617955e-06,4.0496929,3.74092,0.73422,7.08344,4.09065,0.00063,14.21867
800.0,-3.9405547e-05,-4.5717571300000006e-05,6.3120243e-06,3.500952,3.22443,0.64941,6.12314,3.53316,3e-05,12.11596
810.0,-3.5085424e-05,-4.05040565e-05,5.4186325e-06,3.0480995,2.79687,0.56448,5.32656,3.07294,0.00024,10.71075
820.0,-3.1475264e-05,-3.61945567e-05,4.7192927e-06,2.6732714,2.44221,0.5019,4.63103,2.69243,0.00027,9.37442
830.0,-2.8129187000000006e-05,-3.226613240000001e-05,4.1369454000000005e-06,2.358018,2.14441,0.4579,4.05695,2.37311,0.00066,8.69269
840.0,-2.5301467e-05,-2.8999369500000002e-05,3.6979025e-06,2.0956609,1.89938,0.41771,3.60057,2.10837,0.0,8.28454
850.0,-2.2902289e-05,-2.6266355099999998e-05,3.3640661e-06,1.8750012,1.69514,0.37727,3.2074,1.8868,9e-05,7.61692
860.0,-2.0853337e-05,-2.3950112e-05,3.096775e-06,1.6878595,1.52123,0.35298,2.88217,1.69952,0.00027,6.82003
870.0,-1.9083284e-05,-2.19527909e-05,2.8695069000000007e-06,1.5276654,1.36977,0.33175,2.60015,1.53913,0.00093,5.97293
880.0,-1.7525428e-05,-2.02068874e-05,2.6814594e-06,1.3891126,1.23676,0.31134,2.33425,1.40014,0.00046,5.60525
890.0,-1.6165037e-05,-1.86954002e-05,2.5303632000000003e-06,1.2680181,1.11901,0.29592,2.14188,1.27835,0.00217,5.2276
900.0,-1.5171712e-05,-1.75915726e-05,2.4198606e-06,1.1645417,1.01963,0.27589,1.96113,1.17426,0.0,4.78666
