lambda,qEXT,qSCA,qABS,eSQU,eSQUdev,eSQUQ1,eSQUQ3,eSQUavg,eSQUmin,eSQUmax
400.0,0.00026881035,-0.00018025815000000003,0.0004490685,3.5495435,2.15736,1.69522,5.36842,3.62614,1.07763,8.53525
410.0,0.00026208242,-0.00018163568999999999,0.00044371811,3.5953335,2.18501,1.71711,5.43977,3.67308,1.09313,8.63786
420.0,0.00025484429,-0.00018050807,0.00043535236,3.6084765,2.18757,1.72838,5.46029,3.68664,1.10373,8.6497
430.0,0.00025072819,-0.00017867821000000001,0.0004294064,3.6262681,2.18075,1.75177,5.47301,3.70528,1.13035,8.64715
440.0,0.00025606954,-0.00017942909,0.00043549863,3.7137495,2.18808,1.83596,5.57321,3.79622,1.21414,8.75441
450.0,0.00026393205,-0.00017965583000000002,0.00044358788,3.8230712,2.19452,1.94442,5.68982,3.90952,1.31994,8.88459
460.0,0.00026593316,-0.0001732873,0.00043922046,3.837875,2.14048,2.00924,5.66721,3.92553,1.39431,8.77812
470.0,0.00027512025000000004,-0.00017189496999999994,0.00044701522,3.967709,2.13765,2.14479,5.79878,4.05951,1.52744,8.91163
480.0,0.00030408558,-0.00017934652999999998,0.00048343211,4.2943269,2.15638,2.46772,6.14984,4.39715,1.83402,9.31845
490.0,0.00035267187000000003,-0.00020647390999999993,0.00055914578,5.0587966,2.37347,3.04877,7.104,5.18186,2.33546,10.65778
500.0,0.00044322722,-0.00027702298,0.0007202502,6.936143,3.12794,4.28518,9.62821,7.0957,3.30043,14.41065
510.0,0.00059259044,-0.00042266076000000005,0.0010152512,11.242129,5.20591,6.801,15.67341,11.44635,4.68071,23.6554
520.0,0.0007887709700000001,-0.0006627705299999999,0.0014515415,20.019628,10.03245,11.35754,28.34876,20.24224,6.63399,44.7579
530.0,0.0008606248199999999,-0.0008921572800000002,0.0017527821,30.270107,17.03734,15.33677,44.30931,30.5197,7.49945,72.43118
540.0,0.00077251097,-0.0010324360300000002,0.001804947,39.361044,24.61308,17.70551,59.49373,39.68203,7.24434,101.89302
550.0,0.00056788961,-0.0010472879900000002,0.0016151776000000002,44.48382,30.49011,17.62773,68.92326,44.85224,6.24603,124.98457
560.0,0.00036291107,-0.00099347193,0.001356383,47.396642,34.81549,16.73149,74.96751,47.73613,5.2938,141.9373
570.0,0.00018924061000000005,-0.0009206216899999999,0.0011098623,49.173902,37.87114,15.6956,79.22186,49.43602,4.40386,152.65265
580.0,5.5041133e-05,-0.0008659388669999999,0.00092098,51.351532,40.75412,15.10628,84.03181,51.53742,3.40981,161.25239
590.0,-5.6918450999999986e-05,-0.0008537568410000001,0.0007968383900000001,55.191712,44.97442,14.92055,91.5351,55.31852,2.14944,174.61249
600.0,-0.00016063323,-0.00089002042,0.00072938719,62.126752,51.83666,15.52163,104.43959,62.20881,1.20789,197.44955
610.0,-0.00027433532000000003,-0.00098651733,0.00071218201,73.56839,62.55803,17.3596,124.49008,73.631,0.72852,233.32216
620.0,-0.00041740268,-0.00116028875,0.00074288607,91.756099,79.12906,20.75352,155.78682,91.84483,0.5673,297.11365
630.0,-0.00061274005,-0.00143719112,0.0008244510700000001,120.51959,104.98316,27.13995,204.74096,120.71283,0.61816,398.07286
640.0,-0.000918011,-0.0019056897000000001,0.0009876787,167.15141,146.64754,37.03667,282.46812,167.58686,0.87148,554.25806
650.0,-0.001415026,-0.0026849683,0.0012699423,243.46312,214.67149,53.92118,411.72156,244.41179,0.30817,804.70687
660.0,-0.0021815832,-0.0038731772000000003,0.001691594,358.65183,316.89279,79.94666,606.39725,360.35531,0.1017,1222.2762
661.0,-0.0022694473,-0.0040068388,0.0017373915,370.9188,327.76582,82.73094,626.5938,372.70324,0.30266,1263.0618
663.0,-0.0024472316,-0.0042745961999999995,0.0018273646,395.53983,349.58064,87.91876,668.7555,397.4929,0.575,1341.5791
665.0,-0.0026241040000000004,-0.0045366624000000005,0.0019125584,419.75603,371.04216,92.67372,709.79561,421.88835,0.36509,1414.6112
667.0,-0.0027946990000000003,-0.0047840733,0.0019893743,442.80274,391.49955,97.15606,745.87902,445.12475,0.17806,1495.4244
669.0,-0.0029524671000000003,-0.0050061602,0.0020536931,463.73759,410.14691,100.96323,783.11541,466.25627,0.15267,1574.2759
670.0,-0.0030241592,-0.005103917499999999,0.0020797583,473.06755,418.49146,102.59024,798.50934,475.68536,0.23988,1608.7871
671.0,-0.003089707,-0.0051907137,0.0021010067,481.4424,426.01251,103.90044,813.73772,484.15821,0.41731,1639.2075
673.0,-0.0031982765,-0.0053251814,0.0021269049,494.74764,438.07112,105.89963,836.66799,497.65101,0.49532,1685.5756
675.0,-0.003270591,-0.005398324,0.002127733,502.59115,445.38065,106.79055,850.94477,505.66103,0.22827,1709.6153
677.0,-0.0033009470000000003,-0.0054023096,0.0021013626,504.2249,447.26701,106.52725,854.59911,507.42863,0.01353,1708.8741
679.0,-0.0032865252000000003,-0.0053341753000000006,0.0020476501000000003,499.34677,443.44444,104.98393,845.23574,502.64173,0.00026,1682.5352
680.0,-0.003262557,-0.0052736158,0.0020110588,494.50812,439.42603,103.42652,838.7252,497.83169,0.01092,1660.1647
681.0,-0.0032293842,-0.0051991776,0.0019697934,488.31287,434.20708,101.81342,828.4943,491.65701,0.05046,1637.1198
683.0,-0.0031343175,-0.0050062844999999995,0.001871967,471.91254,420.23059,97.36106,799.4875,475.2649,0.22087,1587.6192
685.0,-0.0030049392,-0.0047620692,0.00175713,450.75726,402.02763,92.83142,764.69278,454.07568,0.52904,1521.5404
687.0,-0.0028476086,-0.0044777228,0.0016301142,425.75918,380.36056,87.21236,724.79604,429.00411,0.19112,1441.5619
689.0,-0.0026699542,-0.0041661163,0.0014961621,397.99863,356.1488,81.16526,679.73446,401.13417,0.02511,1350.7675
690.0,-0.0025760677,-0.004004292499999999,0.0014282248,383.44877,343.40648,78.27135,654.78606,386.51763,0.01283,1302.2975
691.0,-0.0024801429,-0.0038405872000000004,0.0013604443,368.64329,330.40783,75.05613,629.48301,371.63847,0.01296,1252.3134
693.0,-0.0022858304,-0.0035132235,0.0012273931,338.78254,304.10288,68.25368,580.6879,341.61346,0.07151,1149.9192
695.0,-0.0020935677,-0.0031940224,0.0011004547,309.35177,278.07496,61.86664,530.19181,312.00169,0.141,1047.0607
697.0,-0.0019084352,-0.00289043398,0.00098199878,281.07397,252.98102,55.88443,481.18131,283.53287,0.17377,951.98744
699.0,-0.001734009,-0.0026074398,0.0008734308,254.4507,229.28005,50.4056,435.1708,256.71386,0.15462,865.61523
700.0,-0.001651569,-0.00247465393,0.00082308493,241.8689,218.05342,47.84284,413.06303,244.03368,0.13093,824.03352
701.0,-0.0015725536,-0.00234794797,0.00077539437,229.80715,207.27452,45.36152,392.38712,231.87368,0.10142,783.73599
710.0,-0.0010170532,-0.00147301956,0.00045596636,145.37281,131.36734,28.22023,251.88296,146.63194,0.14696,493.93825
720.0,-0.00063442748,-0.00089035489,0.00025592741,88.70728,80.19376,17.09802,153.58151,89.3147,0.10013,293.83323
730.0,-0.00042221851,-0.00057653482,0.00015431631,57.84447,52.3371,11.01042,99.40413,58.08623,0.02367,196.49015
740.0,-0.0003045133700000001,-0.0004060698800000001,0.00010155651,40.748476,36.89504,7.60967,69.90086,40.82197,0.00747,139.30347
750.0,-0.00023008957000000005,-0.0003005162000000001,7.042663000000001e-05,29.909845,27.11435,5.46322,51.61623,29.93759,0.00078,101.27461
760.0,-0.0001817531,-0.000233314719,5.1561619e-05,22.766336,20.65676,4.11904,39.05815,22.78854,0.00872,76.82516
770.0,-0.00014688206,-0.000185838796,3.8956736e-05,17.707745,16.07103,3.19623,30.11747,17.73803,0.002,59.90741
780.0,-0.0001214714,-0.000151885432,3.0414032e-05,14.09152,12.78647,2.58712,23.7565,14.13435,0.01776,48.91086
790.0,-0.00010248518,-0.000126931257,2.4446077e-05,11.445813,10.36488,2.19681,19.33002,11.49137,0.00021,40.54928
800.0,-8.7787019e-05,-0.000107845717,2.0058698e-05,9.4513862,8.52578,1.84322,15.93907,9.48861,0.0004,32.63084
810.0,-7.6223522e-05,-9.302895800000001e-05,1.6805436e-05,7.9100178,7.09348,1.57631,13.42428,7.93507,0.00079,28.37194
820.0,-6.7275759e-05,-8.1745658e-05,1.4469899e-05,6.7100619,5.96913,1.35772,11.38915,6.72718,0.00139,25.31979
830.0,-5.9782193e-05,-7.2466691e-05,1.2684498e-05,5.7671363,5.07933,1.21769,9.7607,5.77958,0.00667,23.34722
840.0,-5.3763934e-05,-6.5075701e-05,1.1311767e-05,5.0250727,4.38114,1.11866,8.46083,5.03394,0.0068,20.73145
850.0,-4.8990427e-05,-5.921653e-05,1.0226103e-05,4.4321578,3.8352,1.01403,7.36786,4.44302,0.00069,16.98808
860.0,-4.5103164e-05,-5.44299275e-05,9.3267635e-06,3.9570533,3.41302,0.93774,6.55616,3.97515,0.00018,14.26498
870.0,-4.156584e-05,-5.0027189599999994e-05,8.4613496e-06,3.5642597,3.07248,0.88359,5.90533,3.58563,0.0023,14.0432
880.0,-3.8037005e-05,-4.55847267e-05,7.547721700000002e-06,3.2232241,2.78082,0.81068,5.33584,3.24159,0.01005,12.92752
890.0,-3.4450355e-05,-4.10562491e-05,6.605894099999998e-06,2.91653,2.52196,0.71679,4.79789,2.93076,0.00071,11.13449
900.0,-3.128946e-05,-3.7024354700000006e-05,5.7348947e-06,2.6429882,2.29258,0.64078,4.37658,2.65447,0.00248,9.84939
