lambda,qEXT,qSCA,qABS,eSQU,eSQUdev,eSQUQ1,eSQUQ3,eSQUavg,eSQUmin,eSQUmax
400.0,0.0002682997,-0.00021393922,0.00048223892,3.7976306,2.43259,1.77435,5.72811,3.91317,1.19746,10.57696
410.0,0.00026143607000000003,-0.00021915998999999997,0.00048059606,3.8793121,2.48423,1.8127,5.85407,3.99779,1.22351,10.80063
420.0,0.00025415188,-0.00022093258000000003,0.00047508446,3.9223789,2.50462,1.83763,5.92023,4.04217,1.24296,10.89783
430.0,0.00025045759,-0.00022189599999999996,0.00047235359,3.9726806,2.51617,1.87848,5.98519,4.09402,1.28047,10.98394
440.0,0.00025760946,-0.00022723322999999997,0.00048484269,4.1163041,2.55695,1.99444,6.1635,4.24297,1.38646,11.26587
450.0,0.00026773828,-0.00023182227999999993,0.00049956056,4.2847377,2.59689,2.13712,6.36149,4.41768,1.52126,11.57939
460.0,0.00027153574,-0.00022633332999999999,0.00049786907,4.3278454,2.55,2.22589,6.3669,4.46164,1.61842,11.51674
470.0,0.00028327004,-0.00022798650999999992,0.0005112565499999999,4.5121967,2.57333,2.40141,6.56853,4.65277,1.7807,11.81252
480.0,0.00031909826,-0.00024475669,0.00056385495,4.9755941,2.66059,2.82257,7.09924,5.13501,2.11486,12.63796
490.0,0.00037800299,-0.00029255994000000005,0.0006705629300000001,6.0190848,3.04278,3.61794,8.4319,6.22416,2.67776,14.95349
500.0,0.000488023,-0.00041410325,0.00090212625,8.6048123,4.27287,5.35404,11.9234,8.9309,3.7419,21.54026
510.0,0.0006745795699999999,-0.0006778296300000003,0.0013524092000000002,14.814101,7.7666,9.08114,20.76938,15.4494,5.68101,38.80135
520.0,0.00093671372,-0.0011635240799999999,0.0021002378,28.652317,16.60655,16.44601,41.22923,30.00561,8.82522,81.20874
525.0,0.0010232707,-0.0014484654,0.0024717361,37.742832,23.19119,20.55129,55.39832,39.56862,10.13296,110.67184
527.0,0.0010441134,-0.0015640558,0.0026081692,41.635648,26.15216,22.15655,61.6016,43.66268,10.56404,123.48729
529.0,0.0010577949,-0.0016815204,0.0027393153,45.74744,29.34517,23.72464,68.1987,47.98636,10.96254,137.0854
530.0,0.0010615515,-0.0017403418000000003,0.0028018933000000003,47.870637,31.02159,24.50857,71.60045,50.21861,11.14482,144.13172
531.0,0.001063063,-0.0017988899,0.0028619529,50.029683,32.74499,25.26944,75.1352,52.48826,11.31498,151.30613
533.0,0.0010588653,-0.0019141357999999998,0.0029730011,54.42557,36.31386,26.7907,82.39212,57.10851,11.61092,165.95017
535.0,0.0010443942,-0.0020250294000000004,0.0030694236,58.86535,40.00402,28.2793,89.79203,61.77333,11.84504,181.56419
537.0,0.0010192394,-0.0021294223,0.0031486617,63.274116,43.76056,29.64957,97.1211,66.40392,12.00586,197.76471
539.0,0.00098339858,-0.00222545142,0.00320885,67.577307,47.52458,30.89527,104.54014,70.92163,12.09129,213.89261
540.0,0.0009615863,-0.002269826,0.0032314123,69.666178,49.38995,31.44511,108.09521,73.11384,12.10498,221.83993
541.0,0.00093729821,-0.00231159229,0.0032488905,71.702783,51.23551,31.92363,111.82614,75.25063,12.09886,229.67107
543.0,0.0008818302599999998,-0.0023869437400000004,0.0032687740000000003,75.593116,54.84227,32.80806,118.55918,79.33031,12.03002,244.86899
545.0,0.0008181747999999999,-0.0024511814,0.0032693562,79.203571,58.29937,33.53145,124.95075,83.11368,11.89041,259.27246
547.0,0.00074775015,-0.00250460755,0.0032523577,82.50898,61.57586,33.99657,131.02643,86.57436,11.68499,272.74516
549.0,0.00067382686,-0.00254920624,0.0032230331,85.601196,64.71489,34.32457,136.76369,89.80939,11.44505,285.52513
550.0,0.0006389122900000001,-0.00257050191,0.0032094142,87.255415,66.34931,34.58093,139.93616,91.54073,11.34974,292.23432
551.0,0.00060327332,-0.0025899751799999997,0.0031932485,88.874404,67.96412,34.8745,142.9574,93.23462,11.24731,298.83006
553.0,0.00053029752,-0.00262391998,0.0031542175,92.015406,71.13969,35.26107,148.61523,96.51934,11.02316,311.71961
555.0,0.00045579724,-0.0026520648600000005,0.0031078621000000003,95.045452,74.2537,35.59677,154.43783,99.68563,10.7769,324.27309
557.0,0.00038051704,-0.00267560246,0.0030561195,97.993962,77.32567,35.86841,159.9084,102.76459,10.40925,336.56681
559.0,0.00030508486,-0.00269578584,0.0030008707,100.89545,80.3792,36.02353,165.0952,105.79226,10.01664,348.73527
560.0,0.00026745296,-0.0027050177399999997,0.0029724707,102.34069,81.90846,36.10317,167.76363,107.29961,9.81812,354.81695
561.0,0.00022994157000000005,-0.0027138993300000005,0.0029438409000000004,103.78938,83.44452,36.203,170.51992,108.81011,9.62031,360.91696
563.0,0.00015538375,-0.00273123255,0.0028866163,106.71876,86.55495,36.45126,176.09126,111.86328,9.23174,373.2642
565.0,8.154545799999999e-05,-0.0027490222419999997,0.0028305677,109.72827,89.74689,36.68245,181.90896,114.99861,8.8592,385.93985
567.0,8.4219946e-06,-0.0027684394054,0.0027768614,112.86381,93.05961,36.87872,187.82713,118.26416,8.50817,399.1075
569.0,-6.411141400000001e-05,-0.002790608414,0.002726497,116.17279,96.53369,37.13296,193.79992,121.7096,8.18471,412.92376
570.0,-0.00010022723,-0.0028030536300000003,0.0027028264000000003,117.90712,98.34439,37.32431,197.01412,123.51525,8.03477,420.12449
571.0,-0.00013628305,-0.0028165802499999994,0.0026802971999999995,119.70307,100.21119,37.53342,200.1596,125.38505,7.89302,427.55551
573.0,-0.00020842452,-0.00284735752,0.002638933,123.50368,104.13623,38.03498,207.23768,129.34171,7.63677,443.15212
575.0,-0.00028094262,-0.00288393212,0.0026029895,127.62611,108.35537,38.63457,214.73016,133.63367,7.41912,459.88085
577.0,-0.00035432373,-0.00292723933,0.0025729156,132.12239,112.91677,39.20779,222.78909,138.31514,7.19912,477.91138
579.0,-0.00042912963,-0.00297824143,0.0025491118,137.04801,117.87268,39.98777,231.69254,143.44415,6.98111,497.4149
580.0,-0.0004672586,-0.0030069052000000003,0.0025396466,139.68896,120.51486,40.38102,236.36046,146.19435,6.88566,507.76398
581.0,-0.0005059789,-0.003037862,0.0025318831,142.4596,123.27614,40.72375,241.04394,149.07973,6.79959,518.55493
583.0,-0.0005874055,-0.0031091572000000005,0.0025217517000000003,148.40377,129.18941,41.67789,251.8336,155.26957,6.53157,541.47533
585.0,-0.0006747121300000001,-0.00319409703,0.0025193849,155.00156,135.72527,42.83413,263.67899,162.13976,6.28019,566.55656
587.0,-0.0007665725200000001,-0.0032913801200000004,0.0025248076,162.37009,142.97128,44.17539,276.25264,169.81352,6.07241,594.19059
589.0,-0.0008639244500000001,-0.0034020761500000002,0.0025381517,170.59321,151.00791,45.64679,290.57867,178.37795,5.91409,624.64914
590.0,-0.00091497236,-0.00346280486,0.0025478325,175.05294,155.34936,46.44615,298.36927,183.02296,5.85226,641.21827
591.0,-0.00096777328,-0.00352730798,0.0025595347,179.76025,159.92134,47.29138,306.52995,187.92588,5.80388,659.71649
593.0,-0.0010791601,-0.0036681920000000002,0.0025890319,189.96449,169.8014,49.06118,324.4111,198.55407,5.74465,699.4927
595.0,-0.0011991547,-0.0038257941,0.0026266394,201.29994,180.73946,51.19301,344.15937,210.35996,5.73794,743.25735
597.0,-0.0013288061,-0.0040010404,0.0026722343,213.85632,192.82343,53.76394,366.3233,223.43644,5.78158,791.31763
599.0,-0.001469078,-0.0041945591,0.0027254811,227.70994,206.12916,56.54091,390.57972,237.86233,5.87534,843.94765
600.0,-0.0015434485,-0.004298238,0.0027547895000000003,235.14028,213.25779,58.08167,403.4447,245.59881,5.93991,872.25769
601.0,-0.0016207376,-0.0044064761,0.0027857385,242.91073,220.7086,59.64909,417.21939,253.68876,6.01505,902.31577
603.0,-0.0017841914000000004,-0.004636101100000001,0.0028519097,259.46277,236.57208,63.03236,445.82842,270.91932,5.99681,966.64331
605.0,-0.0019592713,-0.0048815423,0.002922271,277.29851,253.66347,66.55026,477.03638,289.48263,5.91016,1035.8439
607.0,-0.0021449241,-0.0051392063,0.0029942822,296.24456,271.82782,70.06078,510.20993,309.19731,5.79996,1109.2987
609.0,-0.0023388344,-0.005403183,0.0030643486,315.97851,290.77082,74.01861,545.00821,329.72678,5.64995,1185.8091
610.0,-0.0024377176,-0.0055349238,0.0030972062,325.98908,300.3945,75.79846,562.449,340.13861,5.55482,1224.6142
611.0,-0.0025370188,-0.0056647006,0.0031276818,335.98678,310.01879,77.74054,580.0097,350.53526,5.44492,1263.3656
613.0,-0.002733464,-0.005911715200000001,0.0031782512,355.52824,328.88259,81.44459,614.91711,370.85003,5.17307,1339.1489
615.0,-0.0029199439,-0.0061289316,0.0032089877,373.62242,346.44532,84.88462,647.21604,389.64944,4.82923,1409.2867
617.0,-0.003086664,-0.0063000716,0.0032134076,389.32649,361.81389,87.79165,675.29898,405.95215,4.42313,1470.0772
619.0,-0.0032289223,-0.0064244137,0.0031954914,403.75656,375.98011,90.44618,701.33208,420.92632,4.01148,1525.7604
620.0,-0.0032871183,-0.0064606951,0.0031735768,409.44306,381.64371,91.44366,711.62714,426.8189,3.7893,1547.6547
621.0,-0.0033349847,-0.0064772557,0.003142271,413.91598,386.17538,92.0485,719.58046,431.44617,3.56017,1564.8143
623.0,-0.0033953539,-0.006445627000000001,0.0030502731,418.72888,391.37105,92.14146,729.14346,436.39312,3.09304,1583.1846
625.0,-0.0034033996000000003,-0.0063226912,0.0029192916,417.46665,390.85907,90.85078,727.09238,435.0109,2.59416,1578.2023
627.0,-0.0033568382,-0.0061097301,0.0027528919,409.91449,384.4113,88.5664,714.36391,427.07874,2.10666,1549.2875
629.0,-0.0032583814,-0.0058164947,0.0025581133,396.4397,372.34772,84.87894,691.73234,412.98205,1.66261,1498.205
630.0,-0.0031918211,-0.0056447905,0.0024529694,387.74319,364.44951,82.70036,676.90044,403.8955,1.4592,1465.4334
631.0,-0.0031153007,-0.0054596645,0.0023443638,377.93193,355.4838,80.32296,659.59063,393.64976,1.27459,1428.5905
633.0,-0.0029380165,-0.0050599046,0.0021218881,355.63313,334.97313,74.98273,621.20383,370.37695,0.9561,1345.3617
635.0,-0.0027382398,-0.0046384829,0.0019002431,330.91942,312.10375,69.27525,578.17895,344.59757,0.70937,1253.793
637.0,-0.002527233,-0.0042144528,0.0016872198,305.0997,288.10735,63.35095,533.57249,317.67469,0.52903,1158.7188
639.0,-0.002314596,-0.0038029475,0.0014883515,279.27767,264.02769,57.44215,488.88663,290.75715,0.40704,1064.0341
640.0,-0.0022100552,-0.0036053904999999997,0.0013953353,266.63784,252.21524,54.66712,466.69279,277.58338,0.36359,1017.7586
641.0,-0.0021076813,-0.0034146107999999996,0.0013069295,254.28919,240.66002,52.00312,445.27291,264.7144,0.33075,972.54311
643.0,-0.0019115519,-0.0030559124,0.0011443605,230.69992,218.54647,46.8762,404.36206,240.13436,0.28499,885.96738
645.0,-0.0017292513,-0.0027298788,0.0010006275,208.84133,198.01005,42.31351,365.99768,217.36122,0.1836,805.28877
647.0,-0.0015622402,-0.00243702094,0.0008747807400000001,188.86104,179.2008,38.05802,331.0185,196.54771,0.11377,730.99997
649.0,-0.0014108264,-0.00217616999,0.00076534359,170.77632,162.14452,34.23459,299.2897,177.71095,0.06915,663.17272
650.0,-0.0013408526,-0.00205709716,0.0007162445599999999,162.42575,154.25863,32.54729,284.61742,169.01378,0.05463,631.6447
651.0,-0.0012745699,-0.00194516943,0.00067059953,154.51896,146.78564,30.92953,270.80949,160.77925,0.04438,601.66302
653.0,-0.0011525739,-0.00174136997,0.00058879607,139.97052,133.01962,27.99211,245.3874,145.62872,0.03522,546.15335
655.0,-0.0010437027,-0.0015619557500000001,0.00051825305,126.9878,120.71735,25.45332,222.49058,132.10983,0.03861,496.20059
657.0,-0.00094673493,-0.0014041743400000002,0.00045743941,115.41939,109.74021,23.02201,202.1632,120.0647,0.05213,451.25877
659.0,-0.0008604528699999999,-0.0012654278899999999,0.00040497502,105.1161,99.95139,20.9838,183.95956,109.33777,0.07396,410.7739
660.0,-0.00082145538,-0.00120329034,0.00038183496,100.34105,95.41155,20.02125,175.4801,104.36686,0.08761,391.80811
661.0,-0.0007851353,-0.00114574868,0.00036061338,95.785527,91.07915,19.05765,167.5425,99.6248,0.10278,373.56434
663.0,-0.00071845811,-0.0010408195999999999,0.00032236148999999995,87.434814,83.13322,17.33207,152.89038,90.93296,0.11873,339.81168
665.0,-0.0006589402900000001,-0.0009479389500000002,0.00028899866,79.992828,76.04843,15.87182,139.82413,83.18802,0.0824,309.3777
667.0,-0.0006057388099999999,-0.0008655484299999999,0.00025980962,73.347378,69.72005,14.59201,128.08058,76.27316,0.06121,282.12254
669.0,-0.00055810847,-0.0007923022900000001,0.00023419382,67.400744,64.05638,13.41777,117.67813,70.08651,0.05148,260.64422
670.0,-0.0005361774400000001,-0.0007587458700000001,0.00022256843,64.662607,61.44845,12.87345,112.86121,67.23826,0.0499,250.76152
671.0,-0.00051539975,-0.0007270563699999999,0.00021165662,62.068362,58.97756,12.38196,108.35851,64.53996,0.04992,241.39477
673.0,-0.00047703462,-0.0006688129000000001,0.00019177828000000005,57.276658,54.41387,11.42987,100.13536,59.55673,0.05377,224.07037
675.0,-0.00044251287,-0.00061672437,0.00017421150000000002,52.96231,50.30526,10.56837,92.65853,55.07076,0.06099,208.37257
680.0,-0.00037023013,-0.00050878474,0.00013855461000000002,43.918635,41.69602,8.92795,76.98929,45.66949,0.08412,174.6499
690.0,-0.00027033974,-0.00036251808500000003,9.2178345e-05,31.349294,29.75228,6.43889,54.94545,32.60369,0.06321,124.75258
700.0,-0.00020513681,-0.000269103642,6.3966832e-05,23.143153,21.97102,4.77742,40.50738,24.06998,0.05128,92.38771
710.0,-0.0001604977,-0.000206469191,4.5971491e-05,17.57216,16.67453,3.63256,30.81847,18.27498,0.03015,71.37974
720.0,-0.00012684786,-0.00016032554000000002,3.347768e-05,13.541319,12.8432,2.79826,23.74818,14.08361,0.00819,54.11242
730.0,-0.00010250017,-0.000127604488,2.5104318e-05,10.678648,10.12389,2.19392,18.68295,11.10542,0.00644,42.32603
740.0,-8.551867899999999e-05,-0.00010518380999999999,1.9665131e-05,8.6652766,8.20732,1.76454,15.16085,9.00981,0.02118,36.73713
750.0,-7.2636888e-05,-8.8428455e-05,1.5791567e-05,7.152705,6.76323,1.47477,12.45717,7.43553,0.00893,31.90402
760.0,-6.2774897e-05,-7.5770261e-05,1.2995364e-05,5.9914775,5.65345,1.25923,10.40991,6.22787,0.01192,27.86629
770.0,-5.4687718e-05,-6.554925e-05,1.0861532e-05,5.0640723,4.76929,1.07422,8.80236,5.26448,0.01142,23.62447
780.0,-4.801576e-05,-5.72409183e-05,9.2251583e-06,4.3241488,4.06374,0.92478,7.49634,4.49643,0.00528,19.25511
790.0,-4.244334300000001e-05,-5.0379273700000015e-05,7.9359307e-06,3.7256586,3.49204,0.80466,6.43739,3.87523,0.00735,15.51162
800.0,-3.7741991e-05,-4.4612560400000004e-05,6.8705694000000016e-06,3.2335491,3.02302,0.70866,5.60369,3.3646,0.00757,13.15899
810.0,-3.3783612e-05,-3.97825399e-05,5.9989279e-06,2.8258455,2.63525,0.62894,4.88902,2.94203,0.00499,11.5988
820.0,-3.0396894e-05,-3.5685905000000004e-05,5.2890110000000015e-06,2.4867868,2.3142,0.56422,4.28271,2.59057,0.00316,10.25194
830.0,-2.7211618e-05,-3.19036113e-05,4.6919933e-06,2.1998875,2.03915,0.51641,3.77597,2.29289,0.00514,9.04109
840.0,-2.4528912e-05,-2.87758691e-05,4.2469571e-06,1.9598501,1.8056,0.4752,3.34915,2.04372,0.00629,8.19504
850.0,-2.2294637e-05,-2.62121377e-05,3.9175007e-06,1.7579816,1.6055,0.44901,2.98663,1.83436,0.00533,7.67794
860.0,-2.0419346e-05,-2.4075149e-05,3.655803e-06,1.5864991,1.43342,0.4241,2.68743,1.6564,0.00381,6.97319
870.0,-1.881436e-05,-2.22419987e-05,3.4276387e-06,1.4391811,1.28728,0.39474,2.43163,1.50304,0.00445,6.20744
880.0,-1.7397615000000002e-05,-2.0610243600000002e-05,3.2126286e-06,1.3107442,1.1619,0.36796,2.19634,1.36891,0.00184,5.44502
890.0,-1.6136407e-05,-1.91466644e-05,3.0102574e-06,1.1973521,1.0524,0.34379,2.00469,1.25012,0.0039,5.20116
900.0,-1.5206945e-05,-1.80785518e-05,2.8716067999999994e-06,1.1012782,0.95987,0.31775,1.83693,1.1494,0.0032,4.98544
