lambda,qEXT,qSCA,qABS,eSQU
300.0,0.00038183756,-4.932999000000003e-05,0.00043116755,2.4440515
310.0,0.00036637532,-5.7710879999999995e-05,0.0004240862,2.4892748
320.0,0.00034773439,-6.553922999999999e-05,0.00041327362,2.5655222
330.0,0.00035116166,-7.256477999999998e-05,0.00042372644,2.6667165
340.0,0.00034094278,-7.660919e-05,0.00041755197,2.6891942
350.0,0.00032182298,-7.852500999999998e-05,0.00040034799,2.6580004
360.0,0.00031082929,-8.362144999999997e-05,0.00039445074,2.7292163
370.0,0.00030710729,-9.169365999999997e-05,0.00039880095,2.8777623
380.0,0.00030304282000000003,-9.940366999999995e-05,0.00040244649,3.0028509
390.0,0.00029199597,-0.00010356682000000001,0.00039556279,3.049687
400.0,0.00028102956,-0.00010604795000000001,0.00038707751,3.072782
410.0,0.00027387735,-0.00010830464999999999,0.000382182,3.1102557
420.0,0.00026603799,-0.00010899690000000002,0.00037503489,3.122131
430.0,0.000260607,-0.00010898369,0.00036959069,3.1348213
440.0,0.00026286631,-0.00010987261000000001,0.00037273892,3.1927536
450.0,0.00026721753,-0.00011036354,0.00037758107,3.2691165
460.0,0.00026645413,-0.00010728013000000004,0.00037373426,3.2807248
470.0,0.00027212123,-0.00010679563,0.00037891686,3.3793951
480.0,0.00029356391,-0.00011059341000000013,0.0004041573200000001,3.6087751
490.0,0.00033197593,-0.00012513550000000002,0.00045711143,4.161099299999999
500.0,0.0004054659,-0.0001622104,0.0005676763,5.5116894
510.0,0.0005263222799999999,-0.00023474252,0.0007610647999999999,8.5232084
520.0,0.00068101939,-0.00034398751000000005,0.0010250069,14.344789000000002
525.0,0.0007229894800000001,-0.0003940005199999999,0.00111699,17.508492
527.0,0.0007304227199999999,-0.00041106468000000004,0.0011414874,18.708496
529.0,0.00073323913,-0.00042645907000000006,0.0011596982,19.886742
530.0,0.0007327906200000001,-0.0004334041799999999,0.0011661948,20.460018
531.0,0.00073106558,-0.00043979032000000004,0.0011708559,21.018709
533.0,0.0007237283,-0.00045073240000000005,0.0011744607,22.080263
535.0,0.00071126568,-0.00045906661999999996,0.0011703323,23.049914
537.0,0.00069393402,-0.0004646731799999999,0.0011586072,23.909491
539.0,0.00067217697,-0.0004675642299999999,0.0011397412,24.645351
540.0,0.0006598252400000001,-0.00046802895999999996,0.0011278542,24.964569
541.0,0.00064660594,-0.00046787106,0.001114477,25.250376
543.0,0.00061794345,-0.00046583985,0.0010837833,25.722915
545.0,0.00058696006,-0.00046178664,0.0010487467,26.066745
547.0,0.00055442231,-0.00045608839000000007,0.0010105107,26.290574
549.0,0.00052169319,-0.0004492128,0.00097090599,26.433343
550.0,0.0005064841400000001,-0.00044553268999999996,0.00095201683,26.526795
551.0,0.00049124136,-0.00044161321,0.00093285457,26.603502
553.0,0.00046084402,-0.0004331545999999998,0.0008939986199999998,26.711111
555.0,0.00043083331,-0.0004240670200000001,0.0008549003300000001,26.764619
557.0,0.0004014783,-0.0004145639800000001,0.0008160422800000001,26.772807
559.0,0.00037298885,-0.00040482328000000003,0.00077781213,26.743579
560.0,0.00035912071,-0.00039991375999999995,0.00075903447,26.717425
561.0,0.0003455230600000001,-0.0003950056599999999,0.00074052872,26.68475
563.0,0.00031919574,-0.00038523624,0.00070443198,26.603191
565.0,0.00029408014,-0.00037562622000000004,0.00066970636,26.505353000000003
567.0,0.00027022022,-0.00036625779,0.00063647801,26.396713
569.0,0.00024763369,-0.00035719980000000005,0.00060483349,26.282424
570.0,0.00023681787,-0.0003528044200000001,0.0005896222900000001,26.224538
571.0,0.0002263178,-0.0003485046299999999,0.0005748224299999999,26.166823
573.0,0.00020625354,-0.00034021018999999997,0.00054646373,26.053791
575.0,0.00018740603,-0.00033234941999999996,0.0005197554499999999,25.946928
577.0,0.00016973168000000005,-0.0003249407999999999,0.00049467248,25.848997
579.0,0.00015317808000000002,-0.00031799955,0.00047117763,25.762514000000003
580.0,0.00014530291,-0.0003147060600000001,0.0004600089700000001,25.724181
581.0,0.0001376859,-0.00031153235,0.00044921825,25.689396
583.0,0.00012295463,-0.00030570299,0.00042865762,25.621988
585.0,0.00010891353000000003,-0.00030049068999999994,0.00040940422,25.564773
587.0,9.5800276e-05,-0.000295656664,0.00039145694,25.532213
589.0,8.354716599999999e-05,-0.000291171384,0.00037471855,25.523888
590.0,7.7720126e-05,-0.000289056654,0.00036677678,25.529235
591.0,7.2086006e-05,-0.000287015384,0.00035910139,25.540259
593.0,6.136130699999999e-05,-0.000283150943,0.00034451225,25.579776000000006
595.0,5.1323082e-05,-0.00027954273800000006,0.00033086582000000004,25.641334
597.0,4.1923296e-05,-0.00027616414400000004,0.00031808744,25.724178
599.0,3.3123388e-05,-0.0002729803320000001,0.0003061037200000001,25.826474
600.0,2.8935987e-05,-0.000271454423,0.00030039041000000003,25.884521
601.0,2.4881873e-05,-0.000269974687,0.00029485656,25.947677
603.0,1.7161373e-05,-0.00026713143700000003,0.00028429281,26.08671
605.0,9.9196667e-06,-0.0002644544633,0.00027437413,26.244031
607.0,3.1086081000000008e-06,-0.0002619628819,0.00026507149,26.420913
609.0,-3.3192171e-06,-0.0002596787671,0.00025635955000000003,26.618717
610.0,-6.4073154e-06,-0.0002586284554,0.00025222114,26.726617
611.0,-9.4179565e-06,-0.0002576410165,0.00024822306000000003,26.840436
613.0,-1.524024e-05,-0.00025588642,0.00024064618,27.08904
615.0,-2.0834063e-05,-0.000254447743,0.00023361368,27.367243
617.0,-2.6202469e-05,-0.000253247879,0.00022704541,27.677742
619.0,-3.1018343e-05,-0.000251408243,0.0002203899,28.021734
620.0,-3.3370749e-05,-0.00025060224900000003,0.0002172315,28.205648
621.0,-3.5691023e-05,-0.000249874033,0.00021418301,28.397949
623.0,-4.0245065e-05,-0.000248652045,0.00020840698,28.808112
625.0,-4.4706598e-05,-0.000247750268,0.00020304367,29.25353
627.0,-4.9097184e-05,-0.000247172054,0.00019807487,29.735674
629.0,-5.3436442e-05,-0.000246920252,0.00019348381,30.256305
630.0,-5.559292e-05,-0.00024691786,0.00019132494,30.531617
631.0,-5.774301900000001e-05,-0.000246997349,0.00018925433,30.81702
633.0,-6.2037904e-05,-0.000247409364,0.00018537146,31.419746000000004
635.0,-6.6338318e-05,-0.00024815999800000004,0.00018182168000000005,32.066258000000005
637.0,-7.0664112e-05,-0.000249257902,0.00017859379000000002,32.759004
639.0,-7.503481e-05,-0.00025071261,0.00017567779999999998,33.500214
640.0,-7.7242322e-05,-0.000251576352,0.00017433403000000002,33.889601
641.0,-7.9468597e-05,-0.000252533207,0.00017306460999999998,34.292035
643.0,-8.398765499999999e-05,-0.000254734155,0.0001707465,35.137432000000004
645.0,-8.861281999999999e-05,-0.00025733046999999997,0.00016871764999999998,36.03937
647.0,-9.3366281e-05,-0.00026034012099999997,0.00016697383999999998,37.00147800000001
649.0,-9.8272335e-05,-0.000263784775,0.00016551244,38.027329
650.0,-0.00010078945,-0.00026567602,0.00016488657,38.565336
651.0,-0.00010335374,-0.00026768393,0.00016433019,39.120718
653.0,-0.00010863745,-0.00027206353,0.00016342608,40.286006
655.0,-0.00011414877,-0.00027694861,0.00016279984,41.527777
657.0,-0.00011991518,-0.00028236573000000004,0.00016245055000000002,42.851086
659.0,-0.00012596599,-0.00028834619,0.0001623802,44.261556
660.0,-0.00012928127,-0.00029195231999999997,0.00016267105,44.995668
661.0,-0.00013287062,-0.00029612348,0.00016325286,45.748794
663.0,-0.00014037077,-0.00030500061,0.00016462984000000002,47.334387
665.0,-0.00014833605,-0.00031464087,0.00016630482,49.033884
667.0,-0.00015682048,-0.00032511337,0.00016829289,50.85749600000001
669.0,-0.000165877,-0.00033649301000000006,0.00017061601000000002,52.81711
670.0,-0.00017064174999999998,-0.00034255373999999997,0.00017191199000000002,53.85221800000001
671.0,-0.00017557398,-0.00034887397,0.00017329999,54.926221
673.0,-0.00018598684,-0.00036236113,0.00017637429,57.200098
675.0,-0.00019720606,-0.00037707645,0.00017987039,59.655392000000006
680.0,-0.00022949659,-0.00042020442,0.00019070783,66.716773
690.0,-0.00031669569,-0.00053888848,0.00022219279,85.226623
700.0,-0.00046340672,-0.00074147015,0.00027806343,115.19474
710.0,-0.00072319072,-0.00109885616,0.00037566544,166.28902
720.0,-0.0012694101,-0.00184287985,0.00057346975,272.85495
730.0,-0.0022705982,-0.00317386555,0.00090326735,460.10815
740.0,-0.0030973212,-0.0042000545,0.0011027333,591.8764
750.0,-0.0026990305,-0.00356575,0.0008667195,486.65261
760.0,-0.0017985198,-0.0023240037700000002,0.00052548397,306.2927
770.0,-0.0011328394,-0.00143510583,0.00030226642999999994,182.70902
780.0,-0.00074749839,-0.0009301836800000001,0.00018268529,114.45286000000002
790.0,-0.00052267501,-0.0006402016599999999,0.00011752665,76.262662
800.0,-0.00038341317,-0.000463101815,7.9688645e-05,53.578389
810.0,-0.0002915994,-0.000347777349,5.6177949e-05,39.233249
820.0,-0.00022807692000000005,-0.00026892807400000007,4.0851154e-05,29.662673
830.0,-0.00018082517,-0.000210938979,3.0113809e-05,22.95426
840.0,-0.00014669506000000002,-0.00016951639000000002,2.282133e-05,18.182897
850.0,-0.00012144033,-0.000139203559,1.7763229e-05,14.697738
860.0,-0.00010230629,-0.000116473734,1.4167444e-05,12.081905
870.0,-8.7569986e-05,-9.9134858e-05,1.1564872e-05,10.079791
880.0,-7.601157100000001e-05,-8.565759870000001e-05,9.6460277e-06,8.5141746
890.0,-6.7041589e-05,-7.52790204e-05,8.2374314e-06,7.2743152
900.0,-6.0847327e-05,-6.81459361e-05,7.2986091e-06,6.3217685
910.0,-5.602981e-05,-6.26170161e-05,6.5872061e-06,5.5563261
920.0,-5.2050333e-05,-5.8057114900000006e-05,6.0067819000000015e-06,4.9288515
930.0,-4.86579e-05,-5.4173554900000005e-05,5.5156549000000015e-06,4.4082277
940.0,-4.565816e-05,-5.07476733e-05,5.0895133e-06,3.96993
950.0,-4.2934675e-05,-4.76534129e-05,4.7187379e-06,3.596806
960.0,-4.043353e-05,-4.48241264e-05,4.3905964e-06,3.2767675
970.0,-3.8077631e-05,-4.21635348e-05,4.0859038e-06,2.998495
980.0,-3.5824682e-05,-3.9622847e-05,3.798165e-06,2.7523239
990.0,-3.3623734e-05,-3.71499661e-05,3.5262321e-06,2.5315418
